    18  24 
    57  23 
    82  24 
    114 26 
    160 30 
    195 80 
    217  59 
    249  60 
    281  66 
    309  71 
    359  90 
    420  113 
    439  63 
    475  31 
    365  161 
    314  122 
    130  94 
    273  150 
    317  117 
    91  115 
    211  108 
    267  160 
    165  130 
    300  152 
    322  61 
    365  170 
    492  49 
    141  48 
    327  191 
    78  153 
    247  161 
    276  184 
    111  85 
    117  43 
    225  150 
    304  180 
    256  10 
    128  102 
    272  148 
    433  424 
    457  422 
    476  416 
    436  346 
    212  374 
    105  431 
    142  433 
    204  296 
    179  217 
    435  348 
    22  392 
    434  233 
    241  272 
    217  471 
    375  384 
    79  444 
    92  273 
    205  292 
    189  114 
    396  97 
    182  74 
    446  440 
    448  420 
    459  373 
    393  415 
    454  334 
    331  325 
    173  384 
    407  357 
    408  251 
    421  382 
    416  276 
    243  285 
    430  434 
    499  457 
    461  504 
    475  416 
    409  463 
    477  419 
    465  507 
    484  397 
    436  344 
    181  219 
    432  435 
    479  385 
    483  450 
